9999
8888
7777
6666
5555
4444
3333
2222
1111
999
888
777
666
555
444
333
222
111
99
88
77
66
55
44
3777
666
555
444
333
222
111
99
88
77
66
55
44
33
22
11
9
8
7
6
5
4
3
2
19999
8888
7777
6666
5555
4444
3333
2222
1111
999
888
777
666
555
444
333
222
111
99
88
77
66
55
44
3777
666
555
444
333
222
111
99
88
77
66
55
44
33
22
11
9
8
7
6
5
4
3
2
19999
8888
7777
6666
5555
4444
3333
2222
1111
999
888
777
666
555
444
333
222
111
99
88
77
66
55
44
3777
666
555
444
333
222
111
99
88
77
66
55
44
33
22
11
9
8
7
6
5
4
3
2
19999
8888
7777
6666
5555
4444
3333
2222
1111
999
888
777
666
555
444
333
222
111
99
88
77
66
55
44
3777
666
555
444
333
222
111
99
88
77
66
55
44
33
22
11
9
8
7
6
5
4
3
2
19999
8888
7777
6666
5555
4444
3333
2222
1111
999
888
777
666
555
444
333
222
111
99
88
77
66
55
44
3777
666
555
444
333
222
111
99
88
77
66
55
44
33
22
11
9
8
7
6
5
4
3
2
19999
8888
7777
6666
5555
4444
3333
2222
1111
999
888
777
666
555
444
333
222
111
99
88
77
66
55
44
3777
666
555
444
333
222
111
99
88
77
66
55
44
33
22
11
9
8
7
6
5
4
3
2
19999
8888
7777
6666
5555
4444
3333
2222
1111
999
888
777
666
555
444
333
222
111
99
88
77
66
55
44
3777
666
555
444
333
222
111
99
88
77
66
55
44
33
22
11
9
8
7
6
5
4
3
2
19999
8888
7777
6666
5555
4444
3333
2222
1111
999
888
777
666
555
444
333
222
111
99
88
77
66
55
44
3777
666
555
444
333
222
111
99
88
77
66
55
44
33
22
11
9
8
7
6
5
4
3
2
19999
8888
7777
6666
5555
4444
3333
2222
1111
999
888
777
666
555
444
333
222
111
99
88
77
66
55
44
3777
666
555
444
333
222
111
99
88
77
66
55
44
33
22
11
9
8
7
6
5
4
3
2
19999
8888
7777
6666
5555
4444
3333
2222
1111
999
888
777
666
555
444
333
222
111
99
88
77
66
55
44
3777
666
555
444
333
222
111
99
88
77
66
55
44
33
22
11
9
8
7
6
5
4
3
2
19999
8888
7777
6666
5555
4444
3333
2222
1111
999
888
777
666
555
444
333
222
111
99
88
77
66
55
44
3777
666
555
444
333
222
111
99
88
77
66
55
44
33
22
11
9
8
7
6
5
4
3
2
19999
8888
7777
6666
5555
4444
3333
2222
1111
999
888
777
666
555
444
333
222
111
99
88
77
66
55
44
3777
666
555
444
333
222
111
99
88
77
66
55
44
33
22
11
9
8
7
6
5
4
3
2
19999
8888
7777
6666
5555
4444
3333
2222
1111
999
888
777
666
555
444
333
222
111
99
88
77
66
55
44
3777
666
555
444
333
222
111
99
88
77
66
55
44
33
22
11
9
8
7
6
5
4
3
2
19999
8888
7777
6666
5555
4444
3333
2222
1111
999
888
777
666
555
444
333
222
111
99
88
77
66
55
44
3777
666
555
444
333
222
111
99
88
77
66
55
44
33
22
11
9
8
7
6
5
4
3
2
19999
8888
7777
6666
5555
4444
3333
2222
1111
999
888
777
666
555
444
333
222
111
99
88
77
66
55
44
3777
666
555
444
333
222
111
99
88
77
66
55
44
33
22
11
9
8
7
6
5
4
3
2
19999
8888
7777
6666
5555
4444
3333
2222
1111
999
888
777
666
555
444
333
222
111
99
88
77
66
55
44
3777
666
555
444
333
222
111
99
88
77
66
55
44
33
22
11
9
8
7
6
5
4
3
2
19999
8888
7777
6666
5555
4444
3333
2222
1111
999
888
777
666
555
444
333
222
111
99
88
77
66
55
44
3777
666
555
444
333
222
111
99
88
77
66
55
44
33
22
11
9
8
7
6
5
4
3
2
19999
8888
7777
6666
5555
4444
3333
2222
1111
999
888
777
666
555
444
333
222
111
99
88
77
66
55
44
3777
666
555
444
333
222
111
99
88
77
66
55
44
33
22
11
9
8
7
6
5
4
3
2
19999
8888
7777
6666
5555
4444
3333
2222
1111
999
888
777
666
555
444
333
222
111
99
88
77
66
55
44
3777
666
555
444
333
222
111
99
88
77
66
55
44
33
22
11
9
8
7
6
5
4
3
2
19999
8888
7777
6666
5555
4444
3333
2222
1111
999
888
777
666
555
444
333
222
111
99
88
77
66
55
44
3777
666
555
444
333
222
111
99
88
77
66
55
44
33
22
11
9
8
7
6
5
4
3
2
19999
8888
7777
6666
5555
4444
3333
2222
1111
999
888
777
666
555
444
333
222
111
99
88
77
66
55
44
3777
666
555
444
333
222
111
99
88
77
66
55
44
33
22
11
9
8
7
6
5
4
3
2
19999
8888
7777
6666
5555
4444
3333
2222
1111
999
888
777
666
555
444
333
222
111
99
88
77
66
55
44
3777
666
555
444
333
222
111
99
88
77
66
55
44
33
22
11
9
8
7
6
5
4
3
2
19999
8888
7777
6666
5555
4444
3333
2222
1111
999
888
777
666
555
444
333
222
111
99
88
77
66
55
44
3777
666
555
444
333
222
111
99
88
77
66
55
44
33
22
11
9
8
7
6
5
4
3
2
19999
8888
7777
6666
5555
4444
3333
2222
1111
999
888
777
666
555
444
333
222
111
99
88
77
66
55
44
3777
666
555
444
333
222
111
99
88
77
66
55
44
33
22
11
9
8
7
6
5
4
3
2
19999
8888
7777
6666
5555
4444
3333
2222
1111
999
888
777
666
555
444
333
222
111
99
88
77
66
55
44
3777
666
555
444
333
222
111
99
88
77
66
55
44
33
22
11
9
8
7
6
5
4
3
2
19999
8888
7777
6666
5555
4444
3333
2222
1111
999
888
777
666
555
444
333
222
111
99
88
77
66
55
44
3777
666
555
444
333
222
111
99
88
77
66
55
44
33
22
11
9
8
7
6
5
4
3
2
19999
8888
7777
6666
5555
4444
3333
2222
1111
999
888
777
666
555
444
333
222
111
99
88
77
66
55
44
3777
666
555
444
333
222
111
99
88
77
66
55
44
33
22
11
9
8
7
6
5
4
3
2
19999
8888
7777
6666
5555
4444
3333
2222
1111
999
888
777
666
555
444
333
222
111
99
88
77
66
55
44
3777
666
555
444
333
222
111
99
88
77
66
55
44
33
22
11
9
8
7
6
5
4
3
2
19999
8888
7777
6666
5555
4444
3333
2222
1111
999
888
777
666
555
444
333
222
111
99
88
77
66
55
44
3777
666
555
444
333
222
111
99
88
77
66
55
44
33
22
11
9
8
7
6
5
4
3
2
19999
8888
7777
6666
5555
4444
3333
2222
1111
999
888
777
666
555
444
333
222
111
99
88
77
66
55
44
3777
666
555
444
333
222
111
99
88
77
66
55
44
33
22
11
9
8
7
6
5
4
3
2
19999
8888
7777
6666
5555
4444
3333
2222
1111
999
888
777
666
555
444
333
222
111
99
88
77
66
55
44
3777
666
555
444
333
222
111
99
88
77
66
55
44
33
22
11
9
8
7
6
5
4
3
2
1
